{
  "camera_angle_x": 0.6290688773566393,
  "frames": [
    {
      "file_path": "./0001.png",
      "transform_matrix": [
        [
          -0.6038573398336531,
          0.0020935351585626453,
          0.7970896626099,
          3.1846122931049385
        ],
        [
          0.012312028444821536,
          -0.9998527541903695,
          0.011953405100917055,
          1.3154066371651214
        ],
        [
          0.7969973193710242,
          0.01703194200532008,
          0.6037426487063253,
          2.3852650626580045
        ],
        [
          0,
          0,
          0,
          1
        ]
      ],
      "w": 512,
      "h": 512,
      "fl_x": 786.8823557825228,
      "fl_y": 786.8823557825228,
      "cx": 256.0,
      "cy": 256.0,
      "camera_model": "PINHOLE"
    },
    {
      "file_path": "./0002.png",
      "transform_matrix": [
        [
          -0.6570245290925358,
          0.001516991547752429,
          0.7538676720137135,
          3.011319692981658
        ],
        [
          0.011932052824316055,
          -0.9998517828733212,
          0.012411220747316168,
          1.317331514508058
        ],
        [
          0.7537747636304427,
          0.017149665351980713,
          0.6569090459813944,
          2.598054182437269
        ],
        [
          0,
          0,
          0,
          1
        ]
      ],
      "w": 512,
      "h": 512,
      "fl_x": 786.8823557825228,
      "fl_y": 786.8823557825228,
      "cx": 256.0,
      "cy": 256.0,
      "camera_model": "PINHOLE"
    },
    {
      "file_path": "./0003.png",
      "transform_matrix": [
        [
          -0.7082989401978259,
          0.0014789520261676752,
          0.7059110595645468,
          2.819279135775704
        ],
        [
          0.011111816615710982,
          -0.9998505483372816,
          0.013244188202230731,
          1.3205909383755634
        ],
        [
          0.7058251475019401,
          0.01722479870830405,
          0.7081766498998134,
          2.8020004154047227
        ],
        [
          0,
          0,
          0,
          1
        ]
      ],
      "w": 512,
      "h": 512,
      "fl_x": 786.8823557825228,
      "fl_y": 786.8823557825228,
      "cx": 256.0,
      "cy": 256.0,
      "camera_model": "PINHOLE"
    },
    {
      "file_path": "./0004.png",
      "transform_matrix": [
        [
          -0.7556189792772328,
          0.00033831475448561736,
          0.655011330970053,
          2.6155545438851493
        ],
        [
          0.010128676329961945,
          -0.9998742667336018,
          0.012200845861866708,
          1.3174443096983275
        ],
        [
          0.6549331019820547,
          0.01585358846031581,
          0.7555205461541699,
          2.9907785903204074
        ],
        [
          0,
          0,
          0,
          1
        ]
      ],
      "w": 512,
      "h": 512,
      "fl_x": 786.8823557825228,
      "fl_y": 786.8823557825228,
      "cx": 256.0,
      "cy": 256.0,
      "camera_model": "PINHOLE"
    },
    {
      "file_path": "./0005.png",
      "transform_matrix": [
        [
          -0.798726911365351,
          0.0007161339376811704,
          0.6016932841680642,
          2.402740127615286
        ],
        [
          0.009231468916346255,
          -0.9998670039463106,
          0.01344449333649616,
          1.3222262516064867
        ],
        [
          0.6016228893936917,
          0.01629299148750339,
          0.7986140728699782,
          3.1641692648547908
        ],
        [
          0,
          0,
          0,
          1
        ]
      ],
      "w": 512,
      "h": 512,
      "fl_x": 786.8823557825228,
      "fl_y": 786.8823557825228,
      "cx": 256.0,
      "cy": 256.0,
      "camera_model": "PINHOLE"
    },
    {
      "file_path": "./0006.png",
      "transform_matrix": [
        [
          -0.8384170759462342,
          0.001185938737834397,
          0.5450278894800497,
          2.176607742991041
        ],
        [
          0.007977917130653543,
          -0.9998637938311506,
          0.014448066439313071,
          1.3259892915846003
        ],
        [
          0.5449707878409847,
          0.016461692953292615,
          0.838293417047449,
          3.3234685400710484
        ],
        [
          0,
          0,
          0,
          1
        ]
      ],
      "w": 512,
      "h": 512,
      "fl_x": 786.8823557825228,
      "fl_y": 786.8823557825228,
      "cx": 256.0,
      "cy": 256.0,
      "camera_model": "PINHOLE"
    },
    {
      "file_path": "./0007.png",
      "transform_matrix": [
        [
          -0.8739489877538242,
          0.00030811052538501143,
          0.48601756333693386,
          1.9407743509538702
        ],
        [
          0.007288744210451958,
          -0.9998790308260557,
          0.013740375620131057,
          1.323931027989686
        ],
        [
          0.4859630037481258,
          0.015550845065520902,
          0.8738410211278982,
          3.4663698217328203
        ],
        [
          0,
          0,
          0,
          1
        ]
      ],
      "w": 512,
      "h": 512,
      "fl_x": 786.8823557825228,
      "fl_y": 786.8823557825228,
      "cx": 256.0,
      "cy": 256.0,
      "camera_model": "PINHOLE"
    },
    {
      "file_path": "./0008.png",
      "transform_matrix": [
        [
          -0.9054229721340823,
          0.0006352760512852609,
          0.4245101152578394,
          1.6944666293673687
        ],
        [
          0.006195075750010852,
          -0.9998726167574647,
          0.014709564746507493,
          1.3274933678825966
        ],
        [
          0.4244653844170771,
          0.01594825015224968,
          0.9053037008367661,
          3.591952278615076
        ],
        [
          0,
          0,
          0,
          1
        ]
      ],
      "w": 512,
      "h": 512,
      "fl_x": 786.8823557825228,
      "fl_y": 786.8823557825228,
      "cx": 256.0,
      "cy": 256.0,
      "camera_model": "PINHOLE"
    },
    {
      "file_path": "./0009.png",
      "transform_matrix": [
        [
          -0.9323585001828976,
          0.000501917726977314,
          0.36153474966494503,
          1.4425126038816205
        ],
        [
          0.0053509725218542845,
          -0.9998703421913806,
          0.015187689065876498,
          1.3294107275743081
        ],
        [
          0.3614954968319377,
          0.01609493350985738,
          0.9322349268749508,
          3.700709598689276
        ],
        [
          0,
          0,
          0,
          1
        ]
      ],
      "w": 512,
      "h": 512,
      "fl_x": 786.8823557825228,
      "fl_y": 786.8823557825228,
      "cx": 256.0,
      "cy": 256.0,
      "camera_model": "PINHOLE"
    },
    {
      "file_path": "./0010.png",
      "transform_matrix": [
        [
          -0.9555414490929908,
          0.0010558776285545632,
          0.29485492057569956,
          1.1762822720931772
        ],
        [
          0.003675775383429248,
          -0.9998732243893974,
          0.015492702297545739,
          1.3305166806494388
        ],
        [
          0.2948338985608662,
          0.015887739662498294,
          0.9554164285733309,
          3.793035217634275
        ],
        [
          0,
          0,
          0,
          1
        ]
      ],
      "w": 512,
      "h": 512,
      "fl_x": 786.8823557825228,
      "fl_y": 786.8823557825228,
      "cx": 256.0,
      "cy": 256.0,
      "camera_model": "PINHOLE"
    },
    {
      "file_path": "./0011.png",
      "transform_matrix": [
        [
          -0.9739173693969467,
          0.001135578472017427,
          0.22690012791637024,
          0.9051181839374035
        ],
        [
          0.002432867360447584,
          -0.9998777332959401,
          0.01544667004176859,
          1.3304602108180141
        ],
        [
          0.2268899264915429,
          0.015595798168311007,
          0.973795529018364,
          3.8662408807176374
        ],
        [
          0,
          0,
          0,
          1
        ]
      ],
      "w": 512,
      "h": 512,
      "fl_x": 786.8823557825228,
      "fl_y": 786.8823557825228,
      "cx": 256.0,
      "cy": 256.0,
      "camera_model": "PINHOLE"
    },
    {
      "file_path": "./0012.png",
      "transform_matrix": [
        [
          -0.9872840866454458,
          0.000975271761566942,
          0.15896282930817307,
          0.6332844417216827
        ],
        [
          0.001589994791566266,
          -0.9998705748653034,
          0.01600954200127278,
          1.3324987686733512
        ],
        [
          0.15895786917680754,
          0.01605871612299113,
          0.9871547565925267,
          3.9193970795237676
        ],
        [
          0,
          0,
          0,
          1
        ]
      ],
      "w": 512,
      "h": 512,
      "fl_x": 786.8823557825228,
      "fl_y": 786.8823557825228,
      "cx": 256.0,
      "cy": 256.0,
      "camera_model": "PINHOLE"
    },
    {
      "file_path": "./0013.png",
      "transform_matrix": [
        [
          -0.9961550558997663,
          0.0011967655832985128,
          0.08759949975583513,
          0.3495035789859216
        ],
        [
          0.0002687535654390435,
          -0.9998602407782913,
          0.01671606060944058,
          1.3349277975629614
        ],
        [
          0.08760726212395288,
          0.016675330968711218,
          0.996015512409435,
          3.9554426776219413
        ],
        [
          0,
          0,
          0,
          1
        ]
      ],
      "w": 512,
      "h": 512,
      "fl_x": 786.8823557825228,
      "fl_y": 786.8823557825228,
      "cx": 256.0,
      "cy": 256.0,
      "camera_model": "PINHOLE"
    },
    {
      "file_path": "./0014.png",
      "transform_matrix": [
        [
          -0.9998490714100383,
          0.0011708557135460926,
          0.017333882928603408,
          0.06896477122337746
        ],
        [
          -0.0008745486980324827,
          -0.9998535417791764,
          0.017091815474415465,
          1.3362851986786388
        ],
        [
          0.017351356288752815,
          0.017074076506058963,
          0.9997036592642874,
          3.970474253325991
        ],
        [
          0,
          0,
          0,
          1
        ]
      ],
      "w": 512,
      "h": 512,
      "fl_x": 786.8823557825228,
      "fl_y": 786.8823557825228,
      "cx": 256.0,
      "cy": 256.0,
      "camera_model": "PINHOLE"
    },
    {
      "file_path": "./0015.png",
      "transform_matrix": [
        [
          -0.998600681702795,
          0.0013951091568201188,
          -0.052865226502438196,
          -0.21122257172519368
        ],
        [
          -0.0022638696074033975,
          -0.9998633221170747,
          0.016377178615610874,
          1.3336765616932236
        ],
        [
          -0.052835153043349965,
          0.016473941709484817,
          0.9984673534209512,
          3.9642401771287497
        ],
        [
          0,
          0,
          0,
          1
        ]
      ],
      "w": 512,
      "h": 512,
      "fl_x": 786.8823557825228,
      "fl_y": 786.8823557825228,
      "cx": 256.0,
      "cy": 256.0,
      "camera_model": "PINHOLE"
    },
    {
      "file_path": "./0016.png",
      "transform_matrix": [
        [
          -0.9923669862933717,
          0.0016787668151318335,
          -0.1233083381486901,
          -0.4921793600695128
        ],
        [
          -0.003648173845456867,
          -0.9998693473313125,
          0.0157473519948142,
          1.3314534696364506
        ],
        [
          -0.12326579145328445,
          0.016077002495355482,
          0.9922434553314827,
          3.939722573559648
        ],
        [
          0,
          0,
          0,
          1
        ]
      ],
      "w": 512,
      "h": 512,
      "fl_x": 786.8823557825228,
      "fl_y": 786.8823557825228,
      "cx": 256.0,
      "cy": 256.0,
      "camera_model": "PINHOLE"
    },
    {
      "file_path": "./0017.png",
      "transform_matrix": [
        [
          -0.9814556830965588,
          0.0014316929737107139,
          -0.19168383440628595,
          -0.7655616800299904
        ],
        [
          -0.004416785005822227,
          -0.9998755280693498,
          0.015146629270279785,
          1.329111573639417
        ],
        [
          -0.19163828982664127,
          0.01571237166273697,
          0.9813398428928954,
          3.895496271067541
        ],
        [
          0,
          0,
          0,
          1
        ]
      ],
      "w": 512,
      "h": 512,
      "fl_x": 786.8823557825228,
      "fl_y": 786.8823557825228,
      "cx": 256.0,
      "cy": 256.0,
      "camera_model": "PINHOLE"
    },
    {
      "file_path": "./0018.png",
      "transform_matrix": [
        [
          -0.9655003448705448,
          0.0013625197171607019,
          -0.2603982096614337,
          -1.03977721997193
        ],
        [
          -0.005826099382175698,
          -0.9998490241448604,
          0.016370262140826024,
          1.3332541328736764
        ],
        [
          -0.2603365910141112,
          0.01732259959101688,
          0.9653625158056227,
          3.8320257576191112
        ],
        [
          0,
          0,
          0,
          1
        ]
      ],
      "w": 512,
      "h": 512,
      "fl_x": 786.8823557825228,
      "fl_y": 786.8823557825228,
      "cx": 256.0,
      "cy": 256.0,
      "camera_model": "PINHOLE"
    },
    {
      "file_path": "./0019.png",
      "transform_matrix": [
        [
          -0.944951320638147,
          0.002233062336762942,
          -0.3272033237252069,
          -1.3063805471026284
        ],
        [
          -0.007105440171254364,
          -0.9998809539654747,
          0.01369637240530881,
          1.3238067861698082
        ],
        [
          -0.3271337866136653,
          0.01526732883291346,
          0.9448546948214382,
          3.7495624634228437
        ],
        [
          0,
          0,
          0,
          1
        ]
      ],
      "w": 512,
      "h": 512,
      "fl_x": 786.8823557825228,
      "fl_y": 786.8823557825228,
      "cx": 256.0,
      "cy": 256.0,
      "camera_model": "PINHOLE"
    },
    {
      "file_path": "./0020.png",
      "transform_matrix": [
        [
          -0.9195809476535763,
          0.0014618903706073187,
          -0.3928978793390147,
          -1.5684297599178836
        ],
        [
          -0.007692506208674799,
          -0.9998683865626039,
          0.014284078581577507,
          1.3255370279745335
        ],
        [
          -0.39282528694163793,
          0.016157735894595727,
          0.9194711640448441,
          3.6484151916706065
        ],
        [
          0,
          0,
          0,
          1
        ]
      ],
      "w": 512,
      "h": 512,
      "fl_x": 786.8823557825228,
      "fl_y": 786.8823557825228,
      "cx": 256.0,
      "cy": 256.0,
      "camera_model": "PINHOLE"
    },
    {
      "file_path": "./0021.png",
      "transform_matrix": [
        [
          -0.8903118545050315,
          0.002109531709470687,
          -0.45534640835717427,
          -1.8179856380776467
        ],
        [
          -0.008707857631149158,
          -0.999885278334367,
          0.012393683297592242,
          1.318676241353097
        ],
        [
          -0.45526802539085415,
          0.014999334857656761,
          0.8902280859479446,
          3.5308252842066716
        ],
        [
          0,
          0,
          0,
          1
        ]
      ],
      "w": 512,
      "h": 512,
      "fl_x": 786.8823557825228,
      "fl_y": 786.8823557825228,
      "cx": 256.0,
      "cy": 256.0,
      "camera_model": "PINHOLE"
    },
    {
      "file_path": "./0022.png",
      "transform_matrix": [
        [
          -0.8562310590469824,
          0.001968324575322513,
          -0.5165892945286908,
          -2.0633570576876417
        ],
        [
          -0.009912063802058366,
          -0.999871245050633,
          0.012619204098555232,
          1.3191451345805465
        ],
        [
          -0.516497942410682,
          0.01592542053646466,
          0.856140325219102,
          3.396336726916093
        ],
        [
          0,
          0,
          0,
          1
        ]
      ],
      "w": 512,
      "h": 512,
      "fl_x": 786.8823557825228,
      "fl_y": 786.8823557825228,
      "cx": 256.0,
      "cy": 256.0,
      "camera_model": "PINHOLE"
    },
    {
      "file_path": "./0023.png",
      "transform_matrix": [
        [
          -0.8186256347075882,
          0.0010569544659374194,
          -0.5743265212811058,
          -2.2942571137805787
        ],
        [
          -0.010596759484969515,
          -0.9998558745731715,
          0.013264191265815326,
          1.3209209691303896
        ],
        [
          -0.5742297265798918,
          0.016944407005716013,
          0.8185188502308351,
          3.24528086281338
        ],
        [
          0,
          0,
          0,
          1
        ]
      ],
      "w": 512,
      "h": 512,
      "fl_x": 786.8823557825228,
      "fl_y": 786.8823557825228,
      "cx": 256.0,
      "cy": 256.0,
      "camera_model": "PINHOLE"
    },
    {
      "file_path": "./0024.png",
      "transform_matrix": [
        [
          -0.7759102819637533,
          0.0018658714782756854,
          -0.630840513019381,
          -2.5192910624975466
        ],
        [
          -0.011423793144097433,
          -0.9998732080155681,
          0.011093459463008468,
          1.3130662107612774
        ],
        [
          -0.6307398285292678,
          0.015814120787546078,
          0.7758332180891634,
          3.074814821961894
        ],
        [
          0,
          0,
          0,
          1
        ]
      ],
      "w": 512,
      "h": 512,
      "fl_x": 786.8823557825228,
      "fl_y": 786.8823557825228,
      "cx": 256.0,
      "cy": 256.0,
      "camera_model": "PINHOLE"
    },
    {
      "file_path": "./0025.png",
      "transform_matrix": [
        [
          -0.7297003211013877,
          0.0017264114917556203,
          -0.6837649163915136,
          -2.7301955343853925
        ],
        [
          -0.01212765740962967,
          -0.9998721859292279,
          0.01041785634678663,
          1.3103098406410523
        ],
        [
          -0.6836595361071818,
          0.01589437977615868,
          0.729627992460024,
          2.89015689456582
        ],
        [
          0,
          0,
          0,
          1
        ]
      ],
      "w": 512,
      "h": 512,
      "fl_x": 786.8823557825228,
      "fl_y": 786.8823557825228,
      "cx": 256.0,
      "cy": 256.0,
      "camera_model": "PINHOLE"
    },
    {
      "file_path": "./0026.png",
      "transform_matrix": [
        [
          -0.680740773838828,
          0.0019000820184979922,
          -0.7325219372289384,
          -2.9249246157877384
        ],
        [
          -0.012841657796880956,
          -0.99987391706919,
          0.009340331350780391,
          1.3060993608370182
        ],
        [
          -0.7324118313205636,
          0.015765140438243647,
          0.6806793442500081,
          2.693923782443715
        ],
        [
          0,
          0,
          0,
          1
        ]
      ],
      "w": 512,
      "h": 512,
      "fl_x": 786.8823557825228,
      "fl_y": 786.8823557825228,
      "cx": 256.0,
      "cy": 256.0,
      "camera_model": "PINHOLE"
    },
    {
      "file_path": "./0027.png",
      "transform_matrix": [
        [
          -0.6278438521281324,
          0.0021173979219418953,
          -0.7783364400893409,
          -3.1076518704436276
        ],
        [
          -0.013600753783060613,
          -0.9998734626056455,
          0.00825095591610725,
          1.3018334341367042
        ],
        [
          -0.7782204808673701,
          0.01576627422814721,
          0.6277932046108197,
          2.482660231927266
        ],
        [
          0,
          0,
          0,
          1
        ]
      ],
      "w": 512,
      "h": 512,
      "fl_x": 786.8823557825228,
      "fl_y": 786.8823557825228,
      "cx": 256.0,
      "cy": 256.0,
      "camera_model": "PINHOLE"
    },
    {
      "file_path": "./0028.png",
      "transform_matrix": [
        [
          -0.5724504956210783,
          0.0028853918620723035,
          -0.819934207468492,
          -3.2733465812124787
        ],
        [
          -0.014199376668522511,
          -0.9998787341177138,
          0.006394901202027444,
          1.2949079064990507
        ],
        [
          -0.8198163256275196,
          0.015303319017800042,
          0.5724220476725475,
          2.260995504274253
        ],
        [
          0,
          0,
          0,
          1
        ]
      ],
      "w": 512,
      "h": 512,
      "fl_x": 786.8823557825228,
      "fl_y": 786.8823557825228,
      "cx": 256.0,
      "cy": 256.0,
      "camera_model": "PINHOLE"
    },
    {
      "file_path": "./0029.png",
      "transform_matrix": [
        [
          -0.5124696953756387,
          0.0016810867610527079,
          -0.8587036655732305,
          -3.4279950266339045
        ],
        [
          -0.014671361812102303,
          -0.9998692582964269,
          0.00679834217522655,
          1.2956839909101021
        ],
        [
          -0.8585799685901012,
          0.016082296510601064,
          0.5124273580467447,
          2.022441645991459
        ],
        [
          0,
          0,
          0,
          1
        ]
      ],
      "w": 512,
      "h": 512,
      "fl_x": 786.8823557825228,
      "fl_y": 786.8823557825228,
      "cx": 256.0,
      "cy": 256.0,
      "camera_model": "PINHOLE"
    },
    {
      "file_path": "./0030.png",
      "transform_matrix": [
        [
          -0.45299514783980155,
          0.0013150036514354597,
          -0.8915120115842485,
          -3.559508135097262
        ],
        [
          -0.015056537039979355,
          -0.9998675719563063,
          0.006175697739083298,
          1.2930183171621523
        ],
        [
          -0.8913858293275478,
          0.016220644734334707,
          0.45295495797975605,
          1.784000862115931
        ],
        [
          0,
          0,
          0,
          1
        ]
      ],
      "w": 512,
      "h": 512,
      "fl_x": 786.8823557825228,
      "fl_y": 786.8823557825228,
      "cx": 256.0,
      "cy": 256.0,
      "camera_model": "PINHOLE"
    },
    {
      "file_path": "./0031.png",
      "transform_matrix": [
        [
          -0.390205814373058,
          0.002936015700250123,
          -0.9207229780130757,
          -3.675991205946309
        ],
        [
          -0.015610915125335408,
          -0.9998722674380693,
          0.003427555572640995,
          1.2829790859148593
        ],
        [
          -0.9205953083512908,
          0.015710780377239473,
          0.3902018062766113,
          1.5331518421375936
        ],
        [
          0,
          0,
          0,
          1
        ]
      ],
      "w": 512,
      "h": 512,
      "fl_x": 786.8823557825228,
      "fl_y": 786.8823557825228,
      "cx": 256.0,
      "cy": 256.0,
      "camera_model": "PINHOLE"
    },
    {
      "file_path": "./0032.png",
      "transform_matrix": [
        [
          -0.3244075463744731,
          0.0009741825543792383,
          -0.9459169069340314,
          -3.7763355580547135
        ],
        [
          -0.016152090669948216,
          -0.9998593763366469,
          0.004509713813682528,
          1.2861244189796017
        ],
        [
          -0.9457794953488281,
          0.01674152084018326,
          0.32437766208182994,
          1.2706785743600066
        ],
        [
          0,
          0,
          0,
          1
        ]
      ],
      "w": 512,
      "h": 512,
      "fl_x": 786.8823557825228,
      "fl_y": 786.8823557825228,
      "cx": 256.0,
      "cy": 256.0,
      "camera_model": "PINHOLE"
    },
    {
      "file_path": "./0033.png",
      "transform_matrix": [
        [
          -0.26051999508657153,
          0.0029180516348761764,
          -0.9654640423831171,
          -3.8538761800166665
        ],
        [
          -0.016151942764343896,
          -0.9998686557788183,
          0.001336389163457457,
          1.2744821672880677
        ],
        [
          -0.9653333346078081,
          0.01594227605190188,
          0.26053290949370456,
          1.013845384375877
        ],
        [
          0,
          0,
          0,
          1
        ]
      ],
      "w": 512,
      "h": 512,
      "fl_x": 786.8823557825228,
      "fl_y": 786.8823557825228,
      "cx": 256.0,
      "cy": 256.0,
      "camera_model": "PINHOLE"
    },
    {
      "file_path": "./0034.png",
      "transform_matrix": [
        [
          -0.19466485006959133,
          0.0029445977135994835,
          -0.9808653962148367,
          -3.9156899621111947
        ],
        [
          -0.016145304500572402,
          -0.9998696355533367,
          0.0002025858369055951,
          1.2699748063845877
        ],
        [
          -0.9807369297064158,
          0.01587580683753059,
          0.194687014120845,
          0.7498192704044772
        ],
        [
          0,
          0,
          0,
          1
        ]
      ],
      "w": 512,
      "h": 512,
      "fl_x": 786.8823557825228,
      "fl_y": 786.8823557825228,
      "cx": 256.0,
      "cy": 256.0,
      "camera_model": "PINHOLE"
    },
    {
      "file_path": "./0035.png",
      "transform_matrix": [
        [
          -0.12561116503130698,
          0.003154938895018942,
          -0.9920745342866365,
          -3.9603840872530345
        ],
        [
          -0.016229303194199067,
          -0.9998676634533902,
          -0.0011248546967628677,
          1.264771853672846
        ],
        [
          -0.9919467954166236,
          0.015959384099230336,
          0.1256457445433976,
          0.4743021657855612
        ],
        [
          0,
          0,
          0,
          1
        ]
      ],
      "w": 512,
      "h": 512,
      "fl_x": 786.8823557825228,
      "fl_y": 786.8823557825228,
      "cx": 256.0,
      "cy": 256.0,
      "camera_model": "PINHOLE"
    },
    {
      "file_path": "./0036.png",
      "transform_matrix": [
        [
          -0.05439556616287233,
          0.0008183684160237986,
          -0.9985191298392617,
          -3.9870085795069916
        ],
        [
          -0.016751172437773545,
          -0.9998596849354596,
          9.307375218025986e-05,
          1.2683439172068207
        ],
        [
          -0.9983789463944943,
          0.016731428925797813,
          0.0544016422759499,
          0.1909932950356635
        ],
        [
          0,
          0,
          0,
          1
        ]
      ],
      "w": 512,
      "h": 512,
      "fl_x": 786.8823557825228,
      "fl_y": 786.8823557825228,
      "cx": 256.0,
      "cy": 256.0,
      "camera_model": "PINHOLE"
    },
    {
      "file_path": "./0037.png",
      "transform_matrix": [
        [
          0.014503500768534128,
          0.001895223546286076,
          -0.999893022574499,
          -3.9927454090777665
        ],
        [
          -0.016569344091926484,
          -0.9998604384972334,
          -0.002135500991209442,
          1.2600540908220141
        ],
        [
          -0.9997575232534243,
          0.016598543786420495,
          -0.014470074027101987,
          -0.08452552159017107
        ],
        [
          0,
          0,
          0,
          1
        ]
      ],
      "w": 512,
      "h": 512,
      "fl_x": 786.8823557825228,
      "fl_y": 786.8823557825228,
      "cx": 256.0,
      "cy": 256.0,
      "camera_model": "PINHOLE"
    },
    {
      "file_path": "./0038.png",
      "transform_matrix": [
        [
          0.085450991337791,
          0.0011758559284964368,
          -0.9963416810724244,
          -3.978306381337539
        ],
        [
          -0.01653666942708639,
          -0.9998598839590727,
          -0.002598271273166511,
          1.257785591670702
        ],
        [
          -0.9962051328133421,
          0.0166981978723788,
          -0.08541957354240792,
          -0.3670093287492824
        ],
        [
          0,
          0,
          0,
          1
        ]
      ],
      "w": 512,
      "h": 512,
      "fl_x": 786.8823557825228,
      "fl_y": 786.8823557825228,
      "cx": 256.0,
      "cy": 256.0,
      "camera_model": "PINHOLE"
    },
    {
      "file_path": "./0039.png",
      "transform_matrix": [
        [
          0.1550195204466175,
          0.0015749534862541624,
          -0.9879101516848672,
          -3.94511401110618
        ],
        [
          -0.016318055641953867,
          -0.999858220230331,
          -0.004154575538016942,
          1.2518011568668332
        ],
        [
          -0.9877766292743351,
          0.01676481313200738,
          -0.15497184163609223,
          -0.6446245414899043
        ],
        [
          0,
          0,
          0,
          1
        ]
      ],
      "w": 512,
      "h": 512,
      "fl_x": 786.8823557825228,
      "fl_y": 786.8823557825228,
      "cx": 256.0,
      "cy": 256.0,
      "camera_model": "PINHOLE"
    },
    {
      "file_path": "./0040.png",
      "transform_matrix": [
        [
          0.22375762563689094,
          -0.00030933165655653953,
          -0.974644770818203,
          -3.8921697726459437
        ],
        [
          -0.016332848137176788,
          -0.999860718862542,
          -0.003432338475240256,
          1.253729605838615
        ],
        [
          -0.9745079594549596,
          0.01668673693706909,
          -0.223731512687248,
          -0.9191221949008165
        ],
        [
          0,
          0,
          0,
          1
        ]
      ],
      "w": 512,
      "h": 512,
      "fl_x": 786.8823557825228,
      "fl_y": 786.8823557825228,
      "cx": 256.0,
      "cy": 256.0,
      "camera_model": "PINHOLE"
    },
    {
      "file_path": "./0041.png",
      "transform_matrix": [
        [
          0.2913899453329323,
          0.0020268935023908434,
          -0.9566022117168665,
          -3.820091186033281
        ],
        [
          -0.015774181980860596,
          -0.9998516091890867,
          -0.006923495130968146,
          1.2411108130797364
        ],
        [
          -0.9564742939262433,
          0.01710705423864122,
          -0.2913147331556898,
          -1.18885018204782
        ],
        [
          0,
          0,
          0,
          1
        ]
      ],
      "w": 512,
      "h": 512,
      "fl_x": 786.8823557825228,
      "fl_y": 786.8823557825228,
      "cx": 256.0,
      "cy": 256.0,
      "camera_model": "PINHOLE"
    },
    {
      "file_path": "./0042.png",
      "transform_matrix": [
        [
          0.3578012867812195,
          0.002178604344970559,
          -0.9337952092727889,
          -3.7289847857081373
        ],
        [
          -0.015300882771958322,
          -0.9998493467449104,
          -0.008195535380599781,
          1.2360710294883754
        ],
        [
          -0.9336723848139145,
          0.017220264135138844,
          -0.3577140482830018,
          -1.4536974243197451
        ],
        [
          0,
          0,
          0,
          1
        ]
      ],
      "w": 512,
      "h": 512,
      "fl_x": 786.8823557825228,
      "fl_y": 786.8823557825228,
      "cx": 256.0,
      "cy": 256.0,
      "camera_model": "PINHOLE"
    },
    {
      "file_path": "./0043.png",
      "transform_matrix": [
        [
          0.42263964236869156,
          0.0006714374451453411,
          -0.9062975680593112,
          -3.6202754206378933
        ],
        [
          -0.014608812265786494,
          -0.999864755382629,
          -0.007553379893699926,
          1.2378048131115944
        ],
        [
          -0.9061800678135926,
          0.016432288805665538,
          -0.42257267372838925,
          -1.7128673142355215
        ],
        [
          0,
          0,
          0,
          1
        ]
      ],
      "w": 512,
      "h": 512,
      "fl_x": 786.8823557825228,
      "fl_y": 786.8823557825228,
      "cx": 256.0,
      "cy": 256.0,
      "camera_model": "PINHOLE"
    },
    {
      "file_path": "./0044.png",
      "transform_matrix": [
        [
          0.4853672417830073,
          0.001560218427213973,
          -0.8743089878998245,
          -3.4929115774020665
        ],
        [
          -0.014243931117873558,
          -0.9998515798517972,
          -0.009691681700021694,
          1.2297830770752125
        ],
        [
          -0.8741943439706443,
          0.017157621814361222,
          -0.48527297986124307,
          -1.9630613171232436
        ],
        [
          0,
          0,
          0,
          1
        ]
      ],
      "w": 512,
      "h": 512,
      "fl_x": 786.8823557825228,
      "fl_y": 786.8823557825228,
      "cx": 256.0,
      "cy": 256.0,
      "camera_model": "PINHOLE"
    },
    {
      "file_path": "./0045.png",
      "transform_matrix": [
        [
          0.5439255546143471,
          0.0011893721011992462,
          -0.8391326333968188,
          -3.352038903079479
        ],
        [
          -0.013390953011867912,
          -0.9998593546182833,
          -0.010097195637598604,
          1.2279867685587416
        ],
        [
          -0.8390266225900755,
          0.01672890840177217,
          -0.5438331271711722,
          -2.1977613180481708
        ],
        [
          0,
          0,
          0,
          1
        ]
      ],
      "w": 512,
      "h": 512,
      "fl_x": 786.8823557825228,
      "fl_y": 786.8823557825228,
      "cx": 256.0,
      "cy": 256.0,
      "camera_model": "PINHOLE"
    },
    {
      "file_path": "./0046.png",
      "transform_matrix": [
        [
          0.5999351213631877,
          -3.0448496264747806e-05,
          -0.8000486542878666,
          -3.194858376031285
        ],
        [
          -0.01239886968893893,
          -0.9998802574210178,
          -0.00925952753199825,
          1.2303380802717154
        ],
        [
          -0.7999525724600016,
          0.015474814783001356,
          -0.5998636611114712,
          -2.421958114778517
        ],
        [
          0,
          0,
          0,
          1
        ]
      ],
      "w": 512,
      "h": 512,
      "fl_x": 786.8823557825228,
      "fl_y": 786.8823557825228,
      "cx": 256.0,
      "cy": 256.0,
      "camera_model": "PINHOLE"
    },
    {
      "file_path": "./0047.png",
      "transform_matrix": [
        [
          0.6551694824079417,
          0.0005005841143346972,
          -0.7554817659856883,
          -3.0175215065566765
        ],
        [
          -0.011464270312451532,
          -0.9998780493107241,
          -0.010604575087391698,
          1.2252441428471077
        ],
        [
          -0.755394942945419,
          0.015608841152550753,
          -0.6550838452063688,
          -2.642153912914181
        ],
        [
          0,
          0,
          0,
          1
        ]
      ],
      "w": 512,
      "h": 512,
      "fl_x": 786.8823557825228,
      "fl_y": 786.8823557825228,
      "cx": 256.0,
      "cy": 256.0,
      "camera_model": "PINHOLE"
    },
    {
      "file_path": "./0048.png",
      "transform_matrix": [
        [
          0.7054880342792635,
          0.000610085047841746,
          -0.7087215682374957,
          -2.8300887790279825
        ],
        [
          -0.010902964212984138,
          -0.9998719463612794,
          -0.011713934056377936,
          1.2208626063989643
        ],
        [
          -0.7086379603578623,
          0.0159912062065744,
          -0.7053910422339567,
          -2.8434303935801353
        ],
        [
          0,
          0,
          0,
          1
        ]
      ],
      "w": 512,
      "h": 512,
      "fl_x": 786.8823557825228,
      "fl_y": 786.8823557825228,
      "cx": 256.0,
      "cy": 256.0,
      "camera_model": "PINHOLE"
    },
    {
      "file_path": "./0049.png",
      "transform_matrix": [
        [
          0.7536288926756247,
          7.154803176499976e-05,
          -0.6573001498595531,
          -2.6254004308018137
        ],
        [
          -0.010376118963930528,
          -0.9998740929468052,
          -0.012005599070845826,
          1.2194812102297787
        ],
        [
          -0.6572182501116034,
          0.015867990883621133,
          -0.7535332630916562,
          -3.035915901348488
        ],
        [
          0,
          0,
          0,
          1
        ]
      ],
      "w": 512,
      "h": 512,
      "fl_x": 786.8823557825228,
      "fl_y": 786.8823557825228,
      "cx": 256.0,
      "cy": 256.0,
      "camera_model": "PINHOLE"
    },
    {
      "file_path": "./0050.png",
      "transform_matrix": [
        [
          0.7981736151664957,
          -0.0002994666491624833,
          -0.6024274150233976,
          -2.4065729545891443
        ],
        [
          -0.009415222972354469,
          -0.9998839402713222,
          -0.011977460660581208,
          1.2192345002534752
        ],
        [
          -0.6023539106110524,
          0.015232081513074999,
          -0.7980837988985563,
          -3.21349121850241
        ],
        [
          0,
          0,
          0,
          1
        ]
      ],
      "w": 512,
      "h": 512,
      "fl_x": 786.8823557825228,
      "fl_y": 786.8823557825228,
      "cx": 256.0,
      "cy": 256.0,
      "camera_model": "PINHOLE"
    },
    {
      "file_path": "./0051.png",
      "transform_matrix": [
        [
          0.8378605740688613,
          0.00015158722988056587,
          -0.5458842692753749,
          -2.180357003508604
        ],
        [
          -0.008492071565685728,
          -0.9998753316511,
          -0.013311869745681288,
          1.2142295028803163
        ],
        [
          -0.5458182326942931,
          0.015789179108314972,
          -0.8377548320848791,
          -3.3721685142243087
        ],
        [
          0,
          0,
          0,
          1
        ]
      ],
      "w": 512,
      "h": 512,
      "fl_x": 786.8823557825228,
      "fl_y": 786.8823557825228,
      "cx": 256.0,
      "cy": 256.0,
      "camera_model": "PINHOLE"
    },
    {
      "file_path": "./0052.png",
      "transform_matrix": [
        [
          0.8742916612080499,
          -0.00036108021015291694,
          -0.48540082484803254,
          -1.9392485293344228
        ],
        [
          -0.007471517295533836,
          -0.9998912631180129,
          -0.0127137079393557,
          1.2160026335149239
        ],
        [
          -0.48534345320749,
          0.014742169492531732,
          -0.874199291275898,
          -3.5177314262798114
        ],
        [
          0,
          0,
          0,
          1
        ]
      ],
      "w": 512,
      "h": 512,
      "fl_x": 786.8823557825228,
      "fl_y": 786.8823557825228,
      "cx": 256.0,
      "cy": 256.0,
      "camera_model": "PINHOLE"
    },
    {
      "file_path": "./0053.png",
      "transform_matrix": [
        [
          0.905712257487474,
          -2.471687541910541e-06,
          -0.42389303678031126,
          -1.693203185111296
        ],
        [
          -0.0064870007287693866,
          -0.9998829770632396,
          -0.013854638237717837,
          1.211818827935665
        ],
        [
          -0.42384339732793824,
          0.015298110113469848,
          -0.9056062844130818,
          -3.6434763518745097
        ],
        [
          0,
          0,
          0,
          1
        ]
      ],
      "w": 512,
      "h": 512,
      "fl_x": 786.8823557825228,
